1131342
5710280
20152
54.08636002520787
29.45616163814875
11.1072854501845
8159859
5710492
20162
51.51266664758628
56.76688183443077
35.05970455964837
8783620
5710462
20141
39.28205413651046
89.08700075532879
71.40064362756831
9421778
5710350
20212
36.82478791784103
2.4725861124194504
93.74192931647485
6166153
5710491
20181
63.03465942191205
46.99802791070915
24.189894554253566
1713277
2300105
20201
56.38716027070985
30.42376054215542
26.543650756379677
2025788
5710232
20132
56.28821320263447
81.31734069843243
42.73229784334342
1058175
5710495
20152
65.16335590541922
85.47861085772627
84.62788962930395
9080775
5710489
20212
65.5824126179874
91.96105776836254
99.7186767160034
7556419
5710280
20212
49.62488763476289
40.54789511352145
13.599750998782822
5535334
5710495
20152
28.726376515778018
71.23276998921922
14.835929855894282
6042178
6390101
20141
31.40656206989476
38.07146744408699
88.47431904065834
8783620
5710495
20142
63.564452626149624
64.71231279452134
23.331716666726543
6704996
5710336
20212
1.4366562372995828
46.97943533492391
15.154572916893228
4590928
5670281
20181
10.849710973568982
29.074459734431336
62.84700354691722
1467561
2300106
20142
38.05759378665464
54.278546259806845
8.184921372705134
1058175
6390101
20121
97.24069481875365
18.47818233260645
0.7820146265955064
9981742
5710351
20151
87.65272132490247
35.404467596444235
79.54601815276435
3920141
5710336
20212
9.437120004149302
56.167088937136356
49.46128873704092
9228197
5710443
20191
11.294808136125667
72.48054810890828
98.25644172857132
5429212
5710435
20131
95.47009324968991
72.92166009752407
41.36340468425209
6518819
2360260
20102
25.931903350156528
14.623688400811153
5.54689472723423
7268208
5710111
20131
34.162506744838474
19.00393413498359
61.68105648016224
7556419
5710462
20231
93.62616562387379
99.43798238840348
95.37254008137603
6683962
5710111
20101
38.775217581602014
81.23523287086267
60.477062209883094
6422783
2360260
20122
37.36131206410632
79.83670131821718
95.0290898023137
2025788
5710351
20141
85.85465670853145
61.84757447494162
91.70193826960345
1249643
5710213
20211
86.93427239883171
25.333284613602956
5.638285002923038
8896182
5710495
20142
85.29745285360039
0.7494028864937885
51.33868598345912
4955810
2360219
20201
83.446713752041
91.94195005297755
87.26838530750584
8186162
2380109
20101
32.647754093934324
47.846226380620294
11.940381355807217
9519785
2380109
20171
95.91203916529315
79.828548076054
98.4552816881568
7008781
5710495
20212
9.642815383949078
17.05683720105394
75.826247004718
2752692
5710223
20141
28.493493183833397
22.8522719758123
24.889891843140465
3088033
2360120
20102
24.02251758353442
78.66569812642241
94.20174264387903
3746188
5710499
20132
21.888985845938326
79.13888975067628
57.03741266869812
5180756
5710223
20161
4.61841684522234
71.6521358536692
24.46841201831137
4702976
5710489
20212
77.37827956923252
16.826063926113054
1.4541060761303681
8412964
5710491
20151
92.73796680517586
42.636978474628215
22.98900254452526
7026218
5710213
20141
57.048152507813334
14.12144374657226
35.56720984191105
8032639
5710315
20171
95.85953106338945
43.0872285006771
95.57356650325036
9313302
2360120
20162
38.7111687178264
17.814099772271376
40.68359982378762
1594923
2360219
20201
94.65380828136952
41.41943925884507
52.952109954258106
8084554
5670281
20161
29.033657529456757
29.379974105873853
72.9928555803269
9981742
5710495
20162
19.34729855855648
31.642386859358908
43.499461713566504
5481945
5710242
20122
63.388579401636136
12.821940870482184
57.3303221992487
7432815
2380109
20151
36.44344310151194
45.17967203038991
60.47794271864778
1713277
5710350
20222
45.9488426594707
43.38510918579925
13.465806215902631
9537392
5710334
20212
11.817042750332874
97.51288350806263
46.063501416406915
7211691
5710223
20151
8.536737214818324
41.28799977172509
49.68354238565663
6683962
5710213
20111
41.19760898299957
26.28594312138528
39.42090667542214
5094140
5670281
20141
91.74509064821311
59.610213270139376
83.41903268370736
7386676
5710351
20151
64.0572358257841
2.511253084291365
41.09364225053189
8867095
5710489
20182
76.84578220518613
20.477211728381782
73.71840398183565
5479095
5710140
20112
1.918648525600386
21.51827979055596
90.97413825968472
8842042
5710336
20192
22.001231261050535
18.68286635290952
75.28589546137233
8186162
5710477
20131
87.09905690049953
5.2851923886017556
82.11992037120167
8267500
5710242
20162
81.29449506214219
36.890340077521834
48.885111036026196
3920141
5710140
20192
72.90538801286316
72.79417925608743
57.68135910002519
7083629
5710336
20182
10.093587082177613
41.551993072359586
87.8596456086657
9537392
5710315
20211
41.29660133236239
60.05107480739673
63.206603636394576
2617692
5710443
20191
85.2656575072427
53.68889687440522
45.538739062157504
1409137
2360120
20192
49.028649857364336
96.40992943967542
51.58933417674818
8457398
2360260
20182
93.75664346278387
13.670586406104345
73.29354222143726
2475683
5710435
20161
78.29771213075742
68.84310662176071
62.92497454976272
7091625
6390102
20122
68.05203273128947
84.13569889276931
4.009664333135465
8178500
5670281
20121
82.89739496450238
30.797589850540298
26.54096408960127
6117223
5710462
20201
72.0343463388583
60.19408051661234
40.74159598568803
1614427
5710489
20152
45.905414834764834
37.27808422414378
57.466734274570676
2617692
6390102
20162
65.7529770538212
81.05104334568097
35.31463305782931
2129321
5710111
20191
89.91549128954905
12.797549907961747
44.609003239362956
8064058
5710435
20171
2.622012272412222
62.19433772932441
66.63995298786769
4819575
5710453
20152
5.830004289114266
83.83579769143695
52.89802399332666
7517610
5710140
20132
37.5616567279713
92.2845130127086
53.50843542402848
9537392
5670281
20211
91.22908549115797
32.446756344475055
86.67039423753637
9048034
5710280
20132
49.59888126350117
63.88926379950514
61.628880783439
4675799
5710477
20161
14.331736379241155
52.655054637405804
86.55407925932563
1058175
6390102
20122
7.442924279931107
32.20239959754323
89.67622101521432
9981742
5710280
20142
44.564626110104186
16.282534438865003
57.12124164094822
6042178
5710489
20172
31.55127880543288
20.88804923265282
44.11539174143784
1614427
6390102
20122
15.754165703638778
79.8453161488444
47.57452106539449
9757641
2300105
20161
31.201780622270427
19.190750531475043
37.56643399446329
8628611
5710213
20181
12.95750623575833
89.16205150773119
32.732397444104876
8692962
5710334
20222
20.08641773054194
39.45202250236514
70.47650142985474
6166153
5670281
20161
98.94808373496416
63.31397386271348
66.57924116153002
1594923
5710111
20191
38.94249819197929
29.174057849176883
80.86437029065549
6704996
5710491
20221
21.37131299430819
64.59739359836044
5.64568291622165
7079724
2360119
20131
38.73680631891839
56.771159124085756
71.90308404387696
9984285
5710435
20181
66.58609695797524
86.10924210723091
24.484940481016316
6046449
5710336
20212
2.9183402931799773
15.149548158601355
52.10636051227896
5945163
5670281
20211
51.20772483692112
13.606288910519204
70.51071623554465
7484290
5710492
20142
12.255302158167481
12.256172823984112
47.88438075634536
1409137
5710140
20192
67.36783231831215
43.278683733366016
30.46228267706056
1467561
5710232
20152
80.77192507328303
42.73711766341721
73.23458380423624
1257644
5710242
20152
22.70701713977007
62.078419087578794
5.762395839855294
8412964
5710384
20152
16.30077971670387
59.84627597476132
66.33311405176867
5820112
5710222
20192
41.11575582601951
22.243348030053824
19.03366500512146
1713277
5710336
20222
84.16619911485846
91.74488020048825
27.79250147178207
7079724
5710492
20162
15.239212623768095
66.6573921377219
99.03897914345482
6110452
5710489
20212
77.51441684598691
71.3325295771698
20.35124902208797
